h = [
   -0.0055
   -0.0181
   -0.0109
    0.0095
   -0.0011
   -0.0057
    0.0081
   -0.0055
   -0.0007
    0.0074
   -0.0106
    0.0075
    0.0013
   -0.0114
    0.0164
   -0.0118
   -0.0020
    0.0182
   -0.0269
    0.0201
    0.0026
   -0.0315
    0.0499
   -0.0410
   -0.0031
    0.0761
   -0.1581
    0.2224
    0.7532
    0.2224
   -0.1581
    0.0761
   -0.0031
   -0.0410
    0.0499
   -0.0315
    0.0026
    0.0201
   -0.0269
    0.0182
   -0.0020
   -0.0118
    0.0164
   -0.0114
    0.0013
    0.0075
   -0.0106
    0.0074
   -0.0007
   -0.0055
    0.0081
   -0.0057
   -0.0011
    0.0095
   -0.0109
   -0.0181
   -0.0055
    ];